0  -212.515  -130  27.38
1  212.515  -130  27.38
2  -212.515  0  27.38
3  212.515  0  27.38
4  -212.515  130  27.38
5  212.515  130  27.38
6  -211.465  -170  35
7  211.465  -170  35
8  -211.465  -90  35
9  211.465  -90  35
10  -211.465  -40  35
11  211.465  -40  35
12  -211.465  40  35
13  211.465  40  35
14  -211.465  90  35
15  211.465  90  35
16  -211.465  170  35
17  211.465  170  35
18  -212.515  -130  42.62
19  212.515  -130  42.62
20  -212.515  0  42.62
21  212.515  0  42.62
22  -212.515  130  42.62
23  212.515  130  42.62
24  -212.515  -170  57.38
25  212.515  -170  57.38
26  -212.515  -90  57.38
27  212.515  -90  57.38
28  -212.515  -40  57.38
29  212.515  -40  57.38
30  -212.515  40  57.38
31  212.515  40  57.38
32  -212.515  90  57.38
33  212.515  90  57.38
34  -212.515  170  57.38
35  212.515  170  57.38
36  -211.465  -130  65
37  211.465  -130  65
38  -211.465  0  65
39  211.465  0  65
40  -211.465  130  65
41  211.465  130  65
42  -212.515  -170  72.62
43  212.515  -170  72.62
44  -212.515  -90  72.62
45  212.515  -90  72.62
46  -212.515  -40  72.62
47  212.515  -40  72.62
48  -212.515  40  72.62
49  212.515  40  72.62
50  -212.515  90  72.62
51  212.515  90  72.62
52  -212.515  170  72.62
53  212.515  170  72.62
54  -212.515  -130  87.38
55  212.515  -130  87.38
56  -212.515  0  87.38
57  212.515  0  87.38
58  -212.515  130  87.38
59  212.515  130  87.38
60  -211.465  -170  95
61  211.465  -170  95
62  -211.465  -90  95
63  211.465  -90  95
64  -211.465  -40  95
65  211.465  -40  95
66  -211.465  40  95
67  211.465  40  95
68  -211.465  90  95
69  211.465  90  95
70  -211.465  170  95
71  211.465  170  95
72  -212.515  -130  102.62
73  212.515  -130  102.62
74  -212.515  0  102.62
75  212.515  0  102.62
76  -212.515  130  102.62
77  212.515  130  102.62
78  -212.515  -130  147.38
79  212.515  -130  147.38
80  -212.515  0  147.38
81  212.515  0  147.38
82  -212.515  130  147.38
83  212.515  130  147.38
84  -211.465  -170  155
85  211.465  -170  155
86  -211.465  -90  155
87  211.465  -90  155
88  -211.465  -40  155
89  211.465  -40  155
90  -211.465  40  155
91  211.465  40  155
92  -211.465  90  155
93  211.465  90  155
94  -211.465  170  155
95  211.465  170  155
96  -212.515  -130  162.62
97  212.515  -130  162.62
98  -212.515  0  162.62
99  212.515  0  162.62
100  -212.515  130  162.62
101  212.515  130  162.62
102  -212.515  -170  177.38
103  212.515  -170  177.38
104  -212.515  -90  177.38
105  212.515  -90  177.38
106  -212.515  -40  177.38
107  212.515  -40  177.38
108  -212.515  40  177.38
109  212.515  40  177.38
110  -212.515  90  177.38
111  212.515  90  177.38
112  -212.515  170  177.38
113  212.515  170  177.38
114  -211.465  -130  185
115  211.465  -130  185
116  -211.465  0  185
117  211.465  0  185
118  -211.465  130  185
119  211.465  130  185
120  -212.515  -170  192.62
121  212.515  -170  192.62
122  -212.515  -90  192.62
123  212.515  -90  192.62
124  -212.515  -40  192.62
125  212.515  -40  192.62
126  -212.515  40  192.62
127  212.515  40  192.62
128  -212.515  90  192.62
129  212.515  90  192.62
130  -212.515  170  192.62
131  212.515  170  192.62
132  -212.515  -130  207.38
133  212.515  -130  207.38
134  -212.515  0  207.38
135  212.515  0  207.38
136  -212.515  130  207.38
137  212.515  130  207.38
138  -211.465  -170  215
139  211.465  -170  215
140  -211.465  -90  215
141  211.465  -90  215
142  -211.465  -40  215
143  211.465  -40  215
144  -211.465  40  215
145  211.465  40  215
146  -211.465  90  215
147  211.465  90  215
148  -211.465  170  215
149  211.465  170  215
150  -212.615  -135.3  222.62
151  212.615  -135.3  222.62
152  -212.615  -124.7  222.62
153  212.615  -124.7  222.62
154  -212.515  0  222.62
155  212.515  0  222.62
156  -212.615  124.7  222.62
157  212.615  124.7  222.62
158  -212.615  135.3  222.62
159  212.615  135.3  222.62
160  -212.615  -135.3  277.38
161  212.615  -135.3  277.38
162  -212.615  -124.7  277.38
163  212.615  -124.7  277.38
164  -212.515  0  277.38
165  212.515  0  277.38
166  -212.615  124.7  277.38
167  212.615  124.7  277.38
168  -212.615  135.3  277.38
169  212.615  135.3  277.38
170  -211.465  -170  285
171  211.465  -170  285
172  -211.465  -90  285
173  211.465  -90  285
174  -211.465  -40  285
175  211.465  -40  285
176  -211.465  40  285
177  211.465  40  285
178  -211.465  90  285
179  211.465  90  285
180  -211.465  170  285
181  211.465  170  285
182  -212.515  -130  292.62
183  212.515  -130  292.62
184  -212.515  0  292.62
185  212.515  0  292.62
186  -212.515  130  292.62
187  212.515  130  292.62
188  -212.515  -170  307.38
189  212.515  -170  307.38
190  -212.515  -90  307.38
191  212.515  -90  307.38
192  -212.515  -40  307.38
193  212.515  -40  307.38
194  -212.515  40  307.38
195  212.515  40  307.38
196  -212.515  90  307.38
197  212.515  90  307.38
198  -212.515  170  307.38
199  212.515  170  307.38
200  -211.465  -130  315
201  211.465  -130  315
202  -211.465  0  315
203  211.465  0  315
204  -211.465  130  315
205  211.465  130  315
206  -212.515  -170  322.62
207  212.515  -170  322.62
208  -212.515  -90  322.62
209  212.515  -90  322.62
210  -212.515  -40  322.62
211  212.515  -40  322.62
212  -212.515  40  322.62
213  212.515  40  322.62
214  -212.515  90  322.62
215  212.515  90  322.62
216  -212.515  170  322.62
217  212.515  170  322.62
218  -212.515  -130  337.38
219  212.515  -130  337.38
220  -212.515  0  337.38
221  212.515  0  337.38
222  -212.515  130  337.38
223  212.515  130  337.38
224  -211.465  -170  345
225  211.465  -170  345
226  -211.465  -90  345
227  211.465  -90  345
228  -211.465  -40  345
229  211.465  -40  345
230  -211.465  40  345
231  211.465  40  345
232  -211.465  90  345
233  211.465  90  345
234  -211.465  170  345
235  211.465  170  345
236  -212.515  -130  352.62
237  212.515  -130  352.62
238  -212.515  0  352.62
239  212.515  0  352.62
240  -212.515  130  352.62
241  212.515  130  352.62
242  -212.515  -130  397.38
243  212.515  -130  397.38
244  -212.515  0  397.38
245  212.515  0  397.38
246  -212.515  130  397.38
247  212.515  130  397.38
248  -211.465  -170  405
249  211.465  -170  405
250  -211.465  -90  405
251  211.465  -90  405
252  -211.465  -40  405
253  211.465  -40  405
254  -211.465  40  405
255  211.465  40  405
256  -211.465  90  405
257  211.465  90  405
258  -211.465  170  405
259  211.465  170  405
260  -212.515  -130  412.62
261  212.515  -130  412.62
262  -212.515  0  412.62
263  212.515  0  412.62
264  -212.515  130  412.62
265  212.515  130  412.62
266  -212.515  -170  427.38
267  212.515  -170  427.38
268  -212.515  -90  427.38
269  212.515  -90  427.38
270  -212.515  -40  427.38
271  212.515  -40  427.38
272  -212.515  40  427.38
273  212.515  40  427.38
274  -212.515  90  427.38
275  212.515  90  427.38
276  -212.515  170  427.38
277  212.515  170  427.38
278  -211.465  -130  435
279  211.465  -130  435
280  -211.465  0  435
281  211.465  0  435
282  -211.465  130  435
283  211.465  130  435
284  -212.515  -170  442.62
285  212.515  -170  442.62
286  -212.515  -90  442.62
287  212.515  -90  442.62
288  -212.515  -40  442.62
289  212.515  -40  442.62
290  -212.515  40  442.62
291  212.515  40  442.62
292  -212.515  90  442.62
293  212.515  90  442.62
294  -212.515  170  442.62
295  212.515  170  442.62
296  -212.515  -130  457.38
297  212.515  -130  457.38
298  -212.515  0  457.38
299  212.515  0  457.38
300  -212.515  130  457.38
301  212.515  130  457.38
302  -211.465  -170  465
303  211.465  -170  465
304  -211.465  -90  465
305  211.465  -90  465
306  -211.465  -40  465
307  211.465  -40  465
308  -211.465  40  465
309  211.465  40  465
310  -211.465  90  465
311  211.465  90  465
312  -211.465  170  465
313  211.465  170  465
314  -212.515  -130  472.62
315  212.515  -130  472.62
316  -212.515  0  472.62
317  212.515  0  472.62
318  -212.515  130  472.62
319  212.515  130  472.62
